--- 001 ---
10
1
Town Wizard
0010C000
00009F52
3000
25000
50
1
p
20d8
1 1 3d3
0 
20
--- 002 ---
10
1
Town Guard
0010C000
00000000
3000
25000
25
1
p
20d8
1 1 4d4|1 1 4d4
0 
0
--- 003 ---
4
1
Young Child
14124342
00000000
2034
50
10
1
p
1d2
1 6 0d0
0 
0
--- 004 ---
20
20
Goldfish
00004054
00000000
00F0
0
5
1
f
0d0
1 32 0d0
0 
0
--- 005 ---
20
10
Rhode Island Red
00000348
00000000
20F0
10
5
2
c
1d1
1 34 0d0|1 37 0d0
0 
0
--- 006 ---
20
10
Quack! Quack! Duck
00004348
00000000
20F0
10
5
2
d
1d1
1 33 0d0
0 
0
--- 007 ---
20
10
Mongrel Dog
00004348
00000000
20F0
10
5
2
d
1d1
1 35 0d0
0 
0
--- 008 ---
20
10
Stray Kitten
00004348
00000000
20F0
10
5
2
k
1d1
1 36 0d0
0 
0
--- 009 ---
20
20
Moo Cow
00004348
00000000
20F0
10
10
1
B
3d8
1 26 0d0
0 
0
--- 010 ---
20
25
Raging Bull
00080348
00000000
20F0
50
0
2
B
4d8
1 25 1d6
0 
0
--- 011 ---
4
1
Filthy Street Urchin
00120342
00000000
2034
400
0
1
p
1d4
1 14 0d0|12 5 0d0
0 
0
--- 012 ---
6
1
Blubbering Idiot
00124342
00000000
2030
0
10
1
p
1d2
1 18 0d0
0 
0
--- 013 ---
10
1
Pitiful Looking Beggar
00124342
00000000
2030
400
10
1
p
1d4
1 14 0d0
0 
0
--- 014 ---
10
1
Mangy Looking Leper
00124342
00000000
2030
500
10
1
p
1d1
1 14 0d0
0 
0
--- 015 ---
10
8
Squint Eyed Rogue
07120340
00000000
2034
999
0
1
p
2d8
1 1 1d6|13 5 0d0
0 
0
--- 016 ---
10
1
Singing, Happy Drunk
0612434E
00000000
2030
0
10
1
p
2d3
1 14 0d0
0 
0
--- 017 ---
10
20
Mean Looking Mercenary
0B120342
00000000
2034
25000
0
1
p
5d8
1 1 1d10
0 
0
--- 018 ---
10
30
Battle Scarred Veteran
0B120342
00000000
2030
25000
0
1
p
7d8
1 1 2d6
0 
0
--- 019 ---
6
5
Brown Spider
00200204
00000000
0030
8
2
1
x
3d4
1 2 1d3
1 
0
--- 020 ---
2
1
False Stairwell
00000041
00000028
0000
0
2
1
<
5d4
10 5 0d0
1 
0
--- 021 ---
2
1
Grey Mushroom patch
00000041
00000000
10A0
0
1
1
,
1d2
3 13 1d4
1 
0
--- 022 ---
8
12
Giant Yellow Centipede
00000040
00000000
0002
300
2
1
c
2d6
1 2 1d3|1 4 1d3
1 
0
--- 023 ---
7
10
Giant White Centipede
00000042
00000000
0002
400
2
1
c
3d5
1 2 1d2|1 4 1d2
1 
0
--- 024 ---
12
7
White Icky-Thing
00000144
00000000
0022
100
2
1
i
3d5
1 5 1d2
1 
0
--- 025 ---
12
6
Clear Icky-Thing
00010140
00000000
0022
100
1
1
i
2d5
1 5 1d2
1 
0
--- 026 ---
8
4
Giant White Mouse
00200202
00000000
2070
200
1
1
r
1d3
1 2 1d2
1 
0
--- 027 ---
4
35
Large Brown Snake
00000142
00000000
00B0
999
3
0
R
4d6
1 2 1d3|1 16 1d4
1 
0
--- 028 ---
4
30
Large White Snake
00000144
00000000
00B0
999
2
1
R
3d6
1 2 1d1
1 
0
--- 029 ---
20
16
Kobold
07020200
00000000
2032
100
5
1
k
3d7
1 1 1d6
1 
0
--- 030 ---
6
1
White Worm mass
00200148
00000000
01B0
1
2
0
w
4d4
14 12 1d2
1 
0
--- 031 ---
2
6
Floating Eye
00800001
0001000D
2102
100
1
1
e
3d6
11 7 0d0
1 
0
--- 032 ---
5
5
Leech
00300211
00000000
0070
1000
2
2
l
1d1
1 30 2d2
1 
0
--- 033 ---
6
5
Black Spider
00200204
00000000
0030
10
3
1
x
2d3
6 2 1d3|1 2 1d4
2 
0
--- 034 ---
2
1
Shrieker Mushroom patch
00000001
00000000
10A0
0
1
1
,
1d1
20 10 0d0
2 
0
--- 035 ---
10
4
Blubbering Icky-Thing
0B180144
00000000
0022
100
8
1
i
5d8
14 12 1d4|22 12 0d0
2 
0
--- 036 ---
5
4
Metallic Green Centipede
00000144
00000000
0000
100
3
1
c
4d4
1 12 1d1
2 
0
--- 037 ---
1
1
Glowing Chartreuse Potion
00000041
00000000
11F2
0
2
1
!
7d4
1 2 1d3|1 3 1d3
2 
0
--- 038 ---
20
16
Jester
07020200
0000040C
2070
50
6
1
p
7d4
1 1 1d5|11 23 1d2
2 
0
--- 039 ---
20
16
Novice Warrior
07020200
00000000
2070
50
6
1
p
9d4
1 1 1d7
2 
0
--- 040 ---
20
12
Novice Rogue
07020200
00000000
2070
50
6
1
p
8d4
1 1 1d6|12 5 0d0
2 
0
--- 041 ---
20
10
Novice Priest
07020200
0000108C
2070
100
7
1
p
7d4
1 1 1d5
2 
0
--- 042 ---
20
6
Novice Mage
07020200
0000089C
2070
50
7
1
p
6d4
1 1 1d4
2 
0
--- 043 ---
2
1
Yellow Mushroom patch
00000041
00000000
10A0
0
2
1
,
1d1
4 13 1d6
2 
0
--- 044 ---
2
1
White Jelly
0B000041
00000000
01A0
999
10
1
J
8d8
14 5 1d2
2 
0
--- 045 ---
14
8
Giant Green Frog
00001212
00000000
0082
300
6
2
a
2d8
1 2 1d3
2 
0
--- 046 ---
14
20
Giant Black Ant
00000142
00000000
0002
400
8
1
c
3d6
1 2 1d4
2 
0
--- 047 ---
16
16
White Harpy
00800304
00000000
2036
100
5
1
h
2d5
1 3 1d1|1 3 1d1|1 2 1d2
2 
0
--- 048 ---
18
14
Blue Yeek
07020240
00000000
2030
100
4
1
y
2d6
1 1 1d5
2 
0
--- 049 ---
7
3
Green Worm mass
00200148
00000000
01B0
100
3
0
w
6d4
9 12 1d3
2 
0
--- 050 ---
5
38
Large Black Snake
00000142
00000000
00B0
750
9
0
R
4d8
1 2 1d4|1 16 1d6
2 
0
--- 051 ---
4
10
Giant Kelp
00600013
00000000
1030
0
3
1
w
2d4
1 29 1d8
2 
0
--- 052 ---
6
10
Red Spider
00200208
00000000
0012
15
4
1
x
3d3
5 2 2d3
3 
0
--- 053 ---
8
15
Poltergeist
0F95030E
0000001F
100C
750
6
3
G
2d5
4 1 1d1
3 
0
--- 054 ---
6
6
Metallic Blue Centipede
00000144
00000000
0000
150
7
2
c
4d5
1 12 1d2
3 
0
--- 055 ---
1
1
Scroll Titled "taf naed"
00000041
00000000
1010
0
7
1
?
10d8
1 1 3d2
3 
0
--- 056 ---
6
5
Giant White Lice
00200148
00000000
01F0
100
1
2
l
1d1
1 2 1d1
3 
0
--- 057 ---
16
40
Black Naga
07100302
00000000
20E6
1200
20
1
n
6d8
1 16 1d8
3 
0
--- 058 ---
2
1
Spotted Mushroom patch
00000041
00000000
10A0
0
3
1
,
1d1
14 13 2d4
3 
0
--- 059 ---
2
1
Yellow Jelly
0B000041
0001000F
01A0
999
12
1
J
10d8
14 5 1d3
3 
0
--- 060 ---
16
8
Scruffy looking Hobbit
05020200
00000000
2070
100
4
1
p
3d5
1 1 1d4|12 5 0d0
3 
0
--- 061 ---
8
12
Huge Brown Bat
00800308
00000000
2160
400
4
3
b
2d6
1 2 1d2
3 
0
--- 062 ---
8
16
Giant White Ant
00000140
00000000
0002
800
7
1
c
3d6
1 2 1d4
3 
0
--- 063 ---
2
10
Yellow Mold
0B000041
00000000
10A0
999
9
1
m
8d8
1 1 1d4
3 
0
--- 064 ---
8
9
Metallic Red Centipede
00000142
00000000
0092
200
12
2
c
4d8
1 12 1d2
3 
0
--- 065 ---
7
4
Yellow Worm mass
00200148
00000000
01B0
100
4
0
w
4d8
15 12 1d3
3 
0
--- 066 ---
5
40
Large Grey Snake
00000242
00000000
00B0
700
10
0
R
6d8
1 2 1d4|1 16 1d6
3 
0
--- 067 ---
2
6
Radiation Eye
00800301
0001000B
2102
100
6
1
e
3d6
2 7 1d6
3 
0
--- 068 ---
16
22
Drooling Harpy
00800304
00000000
2036
100
7
1
h
2d8
1 3 1d1|1 3 1d1|1 2 1d2|1 18 0d0
3 
0
--- 069 ---
8
15
Spider named Boris
00000202
00000000
2030
80
15
2
x
5d6
1 2 2d3
3 
0
--- 070 ---
6
10
White Spider
00200204
00000000
0022
20
4
1
x
5d4
7 2 3d3
4 
0
--- 071 ---
8
5
Silver Mouse
00200202
00000000
2072
100
1
1
r
1d1
23 1 1d1|1 1 1d1
4 
0
--- 072 ---
8
10
Pirhana
00200050
00000000
00F0
0
4
2
f
1d8
1 2 2-1d2
4
0
--- 073 ---
2
1
Black Mushroom patch
00000041
00000000
10A0
0
8
1
,
8d8
1 13 1d3
4 
0
--- 074 ---
2
1
Blue Jelly
0B000041
00000000
01A0
999
14
1
J
12d8
7 5 1d6
4 
0
--- 075 ---
3
24
Creeping Copper Coins
06000300
00000000
0002
100
9
0
$
7d8
1 2 1d4|14 8 2d4
4 
0
--- 076 ---
8
7
Giant White Rat
00200202
00000000
2070
300
1
1
r
2d2
14 2 1d3
4 
0
--- 077 ---
8
20
Giant Black Centipede
00000248
00000000
0002
300
11
1
c
5d8
1 2 1d2|1 4 1d2
4 
0
--- 078 ---
8
20
Giant Blue Centipede
00000240
00000000
0002
500
10
1
c
4d8
1 2 1d3|1 4 1d4
4 
0
--- 079 ---
7
12
Blue Worm mass
00200248
00000000
01B0
100
5
0
w
5d8
7 12 1d4
4 
0
--- 080 ---
6
41
Large Grey Snake
00000242
00000000
00B0
500
14
0
R
6d8
1 2 1d5|1 16 1d8
4 
0
--- 081 ---
12
16
Jackal
00000204
00000000
2030
300
8
1
j
3d8
1 2 1d6
4 
0
--- 082 ---
20
40
Green Naga
07100302
00000000
2066
1200
30
1
n
9d8
1 16 1d8|6 9 2d6
5 
0
--- 083 ---
10
20
Green Glutton Ghost
0F950300
0000003F
100C
100
15
3
G
3d6
22 15 1d1
5 
0
--- 084 ---
2
1
White Mushroom patch
00000041
00000000
10A0
0
5
1
,
1d1
11 13 2d4
5 
0
--- 085 ---
2
1
Green Jelly
0B000041
00000000
01A0
999
18
1
J
22d8
9 5 1d2
5 
0
--- 086 ---
20
26
Skeleton Kobold
00020300
00000000
000C
400
12
1
s
5d8
1 1 1d6
5 
0
--- 087 ---
2
25
Silver Jelly
0B000041
00000000
00B0
1
15
1
J
20d8
23 5 1d3
5 
0
--- 088 ---
12
18
Giant Warty Frog
00000312
00000000
00A2
400
12
1
a
4d8
1 2 1d6
5 
0
--- 089 ---
14
12
Grey Icky-Thing
00000144
00000000
0022
150
10
1
i
4d8
1 5 1d5
5 
0
--- 090 ---
4
10
Disenchanter Eye
00800303
00010009
2102
100
20
1
e
7d8
21 7 0d0
5 
5
--- 091 ---
18
16
Black Yeek
07020240
00000000
2030
100
8
1
y
2d8
1 1 1d5
5 
0
--- 092 ---
7
12
Red Worm mass
00200148
00000000
21B0
100
6
0
w
5d8
5 12 1d6
5 
0
--- 093 ---
12
16
Giant House Fly
00800304
00000000
0062
200
10
3
F
3d8
1 2 1d2
5 
0
--- 094 ---
6
20
Copperhead Snake
00000244
00000000
00B0
1
15
1
R
4d6
14 2 2d4
5 
0
--- 095 ---
2
30
Rot Jelly
0B000041
00000000
00B0
1
15
1
J
20d8
22 5 2d3
5 
0
--- 096 ---
35
80
Swirling Red Vapor
00800308
00000000
1100
20
15
2
v
3d8
1 5 1d4
6 
0
--- 097 ---
12
16
Blink Dog
00000304
00000013
2030
300
12
1
j
3d8
1 2 1d6
6 
0
--- 098 ---
2
1
Purple Mushroom patch
00000041
00000000
10A0
0
12
1
,
1d1
16 13 1d2
6 
0
--- 099 ---
2
12
Brown Mold
0B000041
00000000
10A0
999
20
1
m
15d8
3 1 1d4
6 
0
--- 100 ---
10
15
Giant Brown Bat
00800306
00000000
2160
300
10
3
b
3d8
1 2 1d3
6 
0
--- 101 ---
4
30
Creeping Silver Coins
0A000300
00000000
0002
100
18
0
$
12d8
1 2 1d6|14 8 2d6
6 
0
--- 102 ---
20
32
Orc
0B020200
00000000
2036
300
16
1
o
9d8
1 1 1d8
6 
0
--- 103 ---
16
20
Grey Harpy
00800310
00000000
2036
100
14
2
h
3d8
1 3 1d2|1 3 1d2|1 2 1d2
6 
0
--- 104 ---
18
14
Blue Icky-Thing
00000144
00000000
0022
200
12
1
i
4d8
7 5 2d3
6 
0
--- 105 ---
6
24
Rattlesnake
00000244
00000000
00B0
1
20
1
R
6d7
14 2 2d5
6 
0
--- 106 ---
2
6
Bloodshot Eye
00800301
00010007
2102
100
15
1
e
4d8
10 7 2d6
7 
0
--- 107 ---
20
40
Red Naga
07100302
00000000
20E6
1200
40
1
n
11d8
1 16 1d10|2 2 1d4
7 
0
--- 108 ---
2
1
Red Jelly
0B000041
00000000
01A0
999
26
1
J
26d8
2 5 1d5
7 
0
--- 109 ---
12
16
Giant Red Frog
00000312
00000000
00A2
500
16
1
a
5d8
2 2 2d4
7 
0
--- 110 ---
14
12
Green Icky-Thing
00000144
00000000
0022
200
18
1
i
5d8
9 5 2d5
7 
0
--- 111 ---
20
14
Zombie Kobold
00020300
00000000
002E
300
14
1
z
6d8
1 1 1d2|1 1 1d2
7 
0
--- 112 ---
20
14
Walking Dead
00220302
00001006
002E
300
12
0
z
3d6
1 1 1d2|1 1 1d2|14 8 1d2
7 
0
--- 113 ---
4
10
Lost Soul
00950306
0001002F
100C
100
18
1
G
2d8
1 1 2d2|18 5 0d0
7 
0
--- 114 ---
18
14
Greedy little Gnome
0B020240
00000000
2070
100
13
1
p
3d8
1 1 1d7|13 5 0d0
7 
0
--- 115 ---
12
14
Giant Green Fly
00800308
00000000
0062
500
15
2
F
3d8
1 2 1d4
7 
0
--- 116 ---
10
25
Red Faerie Dragon
11820302
00008496
4001
50
25
2
F
3d8
3 3 1d5
8 
0
--- 117 ---
18
18
Brown Yeek
07020240
00000000
2030
100
11
1
y
3d8
1 1 1d6
8 
0
--- 118 ---
2
14
Green Mold
0B000041
00000000
10A0
750
28
1
m
21d8
4 1 1d4
8 
0
--- 119 ---
20
36
Skeleton Orc
00020300
00000000
100C
400
26
1
s
10d8
1 1 2d5
8 
0
--- 120 ---
20
26
Seedy looking Human
13020200
00000000
2034
200
22
1
p
8d8
1 1 3d4
8 
0
--- 121 ---
14
18
Red Icky-Thing
00000144
00000000
0022
200
22
2
i
4d8
1 5 1d3|6 8 1d5
8 
0
--- 122 ---
20
24
Bandit
13020200
00000000
2030
999
26
1
p
8d8
1 1 2d4|12 5 0d0
8 
0
--- 123 ---
20
25
Giant Squid
00000250
00000000
0042
500
25
2
C
4d4
10 28 0d0|1 11 1d8
9 
0
--- 124 ---
20
24
Yeti
00020200
00000000
2024
100
30
1
Y
11d8
1 3 1d3|1 3 1d3|1 2 1d4
9 
0
--- 125 ---
14
18
Bloodshot Icky-Thing
00000142
0001000B
2022
800
24
1
i
7d8
1 5 1d4|9 8 2d4
9 
0
--- 126 ---
10
12
Giant Grey Rat
00200202
00000000
2070
200
2
1
r
2d3
14 2 1d4
9 
0
--- 127 ---
16
22
Black Harpy
00800302
00000000
2036
100
19
2
h
3d8
1 3 1d2|1 3 1d2|1 2 1d3
9 
0
--- 128 ---
12
18
Giant Black Bat
00800304
00000000
2060
250
16
3
b
2d8
1 2 1d6
9 
0
--- 129 ---
18
24
Clear Yeek
07030240
00000000
0030
100
14
1
y
3d6
1 1 1d5
9 
0
--- 130 ---
20
15
Orc Shaman
0B020200
00008085
2036
200
30
1
o
7d8
1 1 1d6
9 
0
--- 131 ---
12
34
Giant Red Ant
00000140
00000000
0002
600
22
1
c
4d8
1 2 1d4|2 4 1d4
9 
0
--- 132 ---
8
30
King Cobra
00000244
00000000
00B0
1
28
1
R
8d8
10 9 1d2|14 2 3d4
9 
0
--- 133 ---
4
1
Clear Mushroom patch
00210041
00000000
00A0
0
1
2
,
1d1
1 13 1d1
10 
0
--- 134 ---
1
0
Wimp
00000000
00000000
0000
1000
0
1
p
1d1
1 1 0d0
10
0
--- 135 ---
12
40
Giant White Tick
00000242
00000000
0022
200
27
0
t
15d8
14 2 2d6
10 
0
--- 136 ---
2
15
Hairy Mold
0B000041
00000000
10A0
700
32
1
m
15d8
14 1 1d3
10 
0
--- 137 ---
2
20
Disenchanter Mold
0B000041
0001000B
10A0
100
40
1
m
16d8
21 5 1d6
10 
10
--- 138 ---
12
26
Giant Red Centipede
00000240
00000000
0082
500
24
2
c
3d8
1 2 1d2|14 4 1d2
10 
0
--- 139 ---
5
36
Creeping Gold Coins
0E000300
00000000
0002
100
32
0
$
18d8
1 2 2d5|14 8 3d5
10 
0
--- 140 ---
8
14
Giant Fruit Fly
00A00308
00000000
0062
500
3
2
F
2d2
1 2 1d2
10 
0
--- 141 ---
15
85
Swirling Blue Vapor
00800308
80C80001
1000
1
20
2
v
5d8
7 5 2d4
10 
0
--- 142 ---
20
20
Demon Larva
00200308
00010008
0406
20
10
0
w
5d6
14 12 1d4
10 
0
--- 143 ---
20
5
Nymph
13120210
000004AA
1000
500
30
2
N
8d8
13 5 0d0
10 
0
--- 144 ---
20
12
Siren
06120202
00018A43
10F0
400
35
1
p
10d8
18 5 1d1|1 1 2d3
10 
0
--- 145 ---
20
32
Brigand
13020200
00000000
2030
100
35
1
p
9d8
1 1 2d4|13 5 0d0
10 
0
--- 146 ---
5
25
Alligator
00000310
00000000
2022
150
150
1
C
25d8
1 2 3d6
10 
0
--- 147 ---
6
10
Evil-Looking Peasant
19000000
00010486
10F0
50
100
1
p
10d6
1 1 6-2d2
10 
0
--- 148 ---
2
20
Giant Anemone
14400051
00000000
00B2
5000
75
0
A
10d8
11 5 1d8|14 4 4d4
11 
0
--- 149 ---
20
24
Orc Zombie
00020100
00000000
102E
250
30
1
z
11d8
1 1 1d4|1 1 1d4
11 
0
--- 150 ---
20
36
Orc Warrior
0F020200
00000000
2036
250
34
1
o
11d8
1 1 2d6
11 
0
--- 151 ---
18
10
Nasty little Gnome
0B020200
000020B5
2030
10
32
1
p
4d8
1 1 1d5
11 
0
--- 152 ---
20
38
Hobgoblin
0F020200
00000000
2036
300
38
1
H
12d8
1 1 1d10
11 
0
--- 153 ---
10
30
Cockatrice
00000042
08000002
1026
250
75
1
c
10d8
1 33 0d0|1 34 1d1|26 7 7d2
11 
0
--- 154 ---
8
10
Unholy Pirhana
00200050
00000000
00F4
0
4
2
f
2d8
1 2 2-1d6
12
0
--- 155 ---
10
50
Water Moccasin
00000210
00000000
00B2
100
75
2
R
10d8
1 16 1d8|14 2 4d4
12 
0
--- 156 ---
20
32
Black Mamba
00000244
00000000
00B0
1
40
2
R
10d8
14 2 4d4
12 
0
--- 157 ---
2
1
Grape Jelly
0B000041
0001000B
01A0
999
60
1
J
52d8
19 5 5d8
12 
0
--- 158 ---
18
24
Master Yeek
07020240
00008018
2030
100
28
1
y
5d8
1 1 1d8
12 
0
--- 159 ---
20
22
Priest
13020240
00000285
2030
400
36
1
p
7d8
1 1 2d3
12 
0
--- 160 ---
20
22
Bard
13020200
00000285
2030
400
45
1
p
9d8
1 1 2d5
12 
0
--- 161 ---
20
22
Monk
13020200
00000000
2030
100
36
1
p
9d8
1 1 2-2d5
12 
0
--- 162 ---
4
60
Animated Sword
008A0300
00000000
5000
10
45
2
|
4d8
1 1 2d4
12 
0
--- 163 ---
40
90
Swirling Green Vapor
00800308
80FE0001
5000
1
40
2
v
7d8
14 5 2d4
12 
0
--- 164 ---
12
18
Giant Clear Ant
00010240
00000000
0102
600
24
1
c
3d7
1 2 1d4
12 
0
--- 165 ---
12
20
Air Spirit
00830308
00000000
0010
200
40
3
E
5d8
1 1 1d3
12 
0
--- 166 ---
20
30
Skeleton Human
00020300
00000000
100C
300
38
1
s
12d8
1 1 1d8
12 
0
--- 167 ---
20
24
Human Zombie
00020300
00000000
102E
200
34
1
z
11d8
1 1 1d4|1 1 1d4
12 
0
--- 168 ---
6
20
Moaning Spirit
0F950302
0001002E
100C
300
44
1
G
4d8
4 10 0d0|15 5 1d8
12 
0
--- 169 ---
10
40
Demonic Spirit
0F950302
00010008
1404
250
35
1
G
4d7
3 26 0d0| 25 5 1d8
12 
0
--- 170 ---
20
34
Swordsman
13020200
00000000
2030
999
40
1
p
11d8
1 1 3d5
12 
0
--- 171 ---
8
75
Vorpal Bunny
18000240
00000000
7000
0
100
3
r
12d8
1 31 3-1d4
13 
0
--- 172 ---
8
10
Kracken
00000050
00000000
90F2
0
4
2
R
10d8
1 2 2-2d6
13
0
--- 173 ---
10
40
Killer Brown Beetle
00000242
00000000
0002
300
38
1
K
1d8
1 2 3d4
13 
0
--- 174 ---
20
32
Ogre
07020200
00000000
2036
300
42
1
o
13d8
1 1 2d8
13 
0
--- 175 ---
12
20
Giant Red Speckled Frog
00000312
00000000
00A2
300
32
1
a
6d8
1 2 3d4
13 
0
--- 176 ---
20
10
Magic User
13020200
00002413
2030
100
35
1
p
7d8
1 1 2d2
13 
0
--- 177 ---
20
10
Ranger
13020200
00000094
2030
80
40
1
p
11d8
1 1 3d3
13 
0
--- 178 ---
20
36
Black Orc
0B020200
00000000
2036
200
40
1
o
12d8
1 1 3d4
13 
0
--- 179 ---
12
20
Giant Long-Eared Bat
00800306
00000000
2160
200
20
3
b
5d8
1 2 1d4|1 3 1d2|1 3 1d2
13 
0
--- 180 ---
8
4
Giant Gnat
00A00308
00000000
0062
100
1
3
F
1d2
1 2 1d1
13 
0
--- 181 ---
12
45
Killer Green Beetle
00000244
00000000
0002
300
46
1
K
16d8
1 2 4d4
14 
0
--- 182 ---
8
25
Giant Flea
00200248
00000000
0062
100
1
2
F
2d2
1 2 1d2
14 
0
--- 183 ---
20
20
Giant White Dragon Fly
00800304
0040000A
0060
500
54
1
F
5d8
7 2 1d6
14 
0
--- 184 ---
20
36
Hill Giant
07020200
00000000
2034
500
52
1
P
16d8
1 1 3d6
14 
0
--- 185 ---
20
34
Skeleton Hobgoblin
00020300
00000000
100C
300
46
1
s
13d8
1 1 2d5
14 
0
--- 186 ---
12
10
Flesh Golem
00020200
00000000
11B0
100
48
1
g
12d8
1 1 1d6|1 1 1d6
14 
0
--- 187 ---
12
20
White Dragon Bat
00800304
00400004
2150
500
40
3
b
2d6
7 2 1d3
14 
0
--- 188 ---
6
7
Giant Black Lice
00200244
00000000
01F2
100
1
2
l
1d1
1 2 1d2
14 
0
--- 189 ---
12
75
Anaconda
00000300
00000000
50F0
50
275
1
R
18d8
1 16 2-3d8
15 
0
--- 190 ---
20
50
Guardian Naga
17100302
00000000
20E6
1200
60
1
n
24d8
1 16 2d8|1 2 1d8
15 
0
--- 191 ---
12
22
Giant Grey Bat
00800304
00000000
2160
150
22
3
b
4d8
1 2 1d6|1 3 1d2|1 3 1d2
15 
0
--- 192 ---
10
30
Giant Clear Centipede
00010240
00000000
0002
300
30
1
c
5d8
1 2 2d4|1 4 2d4
15 
0
--- 193 ---
12
48
Giant Yellow Tick
00000242
00000000
0022
200
48
0
t
20d8
14 2 3d9
15 
0
--- 194 ---
12
24
Giant Ebony Ant
00200240
00000000
0002
600
3
1
c
3d4
1 2 2d3
15 
0
--- 195 ---
20
38
Frost Giant
07020200
00000000
0024
500
54
1
P
17d8
7 1 3d6
15 
0
--- 196 ---
20
36
Ettin
07020200
00000000
2034
500
65
1
P
15d8
1 1 3d4|1 1 3d4
15 
0
--- 197 ---
4
20
Statue
00000041
00000000
0200
200
45
1
~
17d8
1 1 2d8
15 
0
--- 198 ---
40
95
Swirling White Vapor
00800320
8FFE0001
5000
1
50
2
v
8d8
11 5 1d6| 23 5 1d6
15 
0
--- 199 ---
12
20
Clay Golem
00020140
00000000
1200
100
50
1
g
14d8
1 1 1d8|1 1 1d8
15 
0
--- 200 ---
7
12
Huge White Bat
00A00304
00000000
2160
400
3
2
b
3d8
1 2 1d6
15 
0
--- 201 ---
12
18
Giant Tan Bat
00800304
00000000
2160
400
18
2
b
3d8
4 2 1d2|1 3 1d1|1 3 1d1
15 
0
--- 202 ---
2
15
Violet Mold
0B000041
00010009
10A0
700
50
1
m
17d8
11 1 1d2
15 
0
--- 203 ---
5
20
Giant Tarantula
00000100
00000000
0032
200
110
1
x
20d8
11 2 1d2|1 2 5d6
15 
0
--- 204 ---
15
45
Quickling
13000200
00009006
3044
15
150
4
q
15d5
14 1 2-1d3
15 
0
--- 205 ---
10
30
Red-Orange Faerie Dragon
19820302
00008C96
4001
40
50
2
F
5d8
3 3 2-1d4
16 
0
--- 206 ---
2
3
Stone Fish
00410051
00000000
0092
500
35
0
f
4d8
26 4 1d2|14 4 5d8
16 
0
--- 207 ---
20
20
Umber Hulk
00020300
00000000
2126
100
75
1
U
20d8
3 7 0d0|1 1 2-1d6|1 2 2d6
16 
0
--- 208 ---
12
18
Gelatinous Cube
2F180142
00000000
00A2
1
36
0
C
45d8
6 5 1d10
16 
0
--- 209 ---
8
16
Giant Black Rat
00200306
00000000
2070
200
3
1
r
3d4
14 2 1d5
16 
0
--- 210 ---
8
50
Giant Jelly Fish
00000050
00000000
00F0
0
300
2
f
13d8
4 11 2-2d6|4 27 1d20
16
0
--- 211 ---
20
20
Giant Green Dragon Fly
00800304
0010000A
0070
500
58
1
F
5d8
14 2 1d6
16 
0
--- 212 ---
20
40
Fire Giant
07020200
00000000
2014
500
62
1
P
20d8
5 1 3d7
16 
0
--- 213 ---
12
22
Green Dragon Bat
00800304
00100004
2150
500
44
3
b
2d7
14 2 1d3
16 
0
--- 214 ---
20
30
Quasit
11030202
000010FA
0004
200
48
1
q
5d8
15 2 1d6|1 3 1d3|1 3 1d3
16 
0
--- 215 ---
20
40
Troll
07020300
00000000
A026
400
74
1
T
17d8
1 1 2-1d4|1 2 1d6
17 
0
--- 216 ---
6
30
Giant Water Spider
00400210
00000000
0002
8
100
2
x
12d8
1 30 5d4|11 2 1d3
17 
0
--- 217 ---
12
28
Water Spirit
00000152
00000000
0020
400
58
0
E
8d8
1 1 2d4
17 
0
--- 218 ---
14
44
Giant Brown Scorpion
00000242
00000000
0002
200
62
1
S
11d8
1 2 2d4|2 4 1d7
17 
0
--- 219 ---
10
40
Earth Spirit
00000142
00000000
0200
500
64
1
E
13d8
1 1 1d8|1 1 1d8
17 
0
--- 220 ---
6
25
Giant Black Widow
00000200
00000000
0032
110
150
1
x
12d8
1 2 1d6|27 2 5d8
18 
0
--- 221 ---
20
30
Fire Spirit
00000140
00000000
2010
200
66
2
E
10d8
5 1 2d6
18 
0
--- 222 ---
20
42
Urik-Hai Orc
0B020200
00000000
2036
200
68
1
o
14d8
1 1 3d5
18 
0
--- 223 ---
20
24
Imp
11030202
010010FA
0404
150
75
1
q
7d8
15 2 1d6|2 3 2-1d6|16 4 1d3
18 
0
--- 224 ---
20
40
Stone Giant
07020300
00000000
2204
500
80
1
P
22d8
1 1 3d8
18 
0
--- 225 ---
15
30
Black Hag
09100302
00008086
2066
300
150
1
p
20d4
1 6 2d6|10 9 2d6|25 19 1d1
18 
0
--- 226 ---
10
20
Phase Spider
00060300
00000000
8000
110
175
1
x
20d8
1 2 6d6
18 
0
--- 227 ---
12
75
Stone Golem
00020300
00000000
1200
100
100
0
g
28d8
1 1 2-1d10
19 
0
--- 228 ---
15
10
Grey Ooze
071A0248
00000000
00A2
1
40
1
O
6d8
7 5 2d6
19 
0
--- 229 ---
15
15
Disenchanter Ooze
071A0248
00000000
00A2
1
50
1
O
6d8
21 5 0d0
19 
15
--- 230 ---
8
20
Giant Spotted Rat
00200302
00000000
2070
200
3
1
r
4d3
14 2 1d5
19 
0
--- 231 ---
20
24
Mummified Kobold
0B020300
00000000
102C
750
46
1
M
13d8
1 1 1d6|1 1 1d6
19 
0
--- 232 ---
14
46
Killer Black Beetle
00000242
00000000
0002
300
75
1
K
18d8
1 2 4d5
19 
0
--- 233 ---
2
16
Red Mold
0B000041
00000000
30A0
700
64
1
m
17d8
5 5 4d4
19 
0
--- 234 ---
10
1
Quythulg
00010300
00002010
5000
0
200
1
Q
4d8
99 0 0d0
20 
0
--- 235 ---
15
40
Gargoyle
17800000
00008088
9606
200
200
1
g
25d8
4 1 1d4|1 3 2-4d4
20 
0
--- 236 ---
30
65
<gp>'s Ghost
14870300
00000000
500C
50
210
2
G
15d8
1 1 2d8|4 5 2d6
20 
0
--- 237 ---
20
30
Winter Wolf
00000304
00000000
1020
10
200
2
j
10d8
1 1 2d6| 7 8 3d6
20 
0
--- 238 ---
2
50
Trapper
00010341
00000000
1000
500
125
1
.
20d8
11 16 4d4
20 
0
--- 239 ---
12
24
Giant Red Bat
00800302
00000000
2060
200
40
2
b
5d8
1 2 1d7|1 3 2-1d3
20 
0
--- 240 ---
40
95
Swirling Clear Vapor
00800308
8FFE0001
5000
1
90
2
v
8d8
21 5 1d6
20 
0
--- 241 ---
20
50
Kobold Chieftain
13120300
0000B145
3034
300
150
1
k
18d8
1 1 4d4|1 1 4d4
20 
0
--- 242 ---
20
50
King Yeek
13120300
00000324
3000
300
150
1
y
22d8
1 1 4d3|1 1 4d3
20 
0
--- 243 ---
10
45
Zombie Dragon
00020300
00009544
100C
700
120
1
z
20d8
1 3 2d3|1 3 2d3|1 2 3d4
20 
15
--- 244 ---
20
50
Hydra
22020302
00001905
3005
1
150
1
d
20d8
1 3 2d3|1 3 2d3|1 2 2-3d3
20 
0
--- 245 ---
8
25
Disenchanter Icky-Thing
05300244
0001000A
1000
500
10
0
i
8d10
21 12 2d2
20 
15
--- 246 ---
20
22
Giant Black Dragon Fly
00800304
00200009
0072
500
58
1
F
4d8
10 2 1d6
20 
0
--- 247 ---
20
44
Cloud Giant
07020200
00000000
2134
500
125
1
P
24d8
8 1 3d8
20 
0
--- 248 ---
12
24
Black Dragon Bat
00800304
00200004
2150
500
50
3
b
2d8
6 2 1d3
21 
0
--- 249 ---
30
60
Immature Dragon
12820302
00000000
4001
500
180
1
d
12d8
1 6 2-1d8|1 2 3d4
21
70
--- 250 ---
12
26
Blue Dragon Bat
00800304
00080004
2150
500
54
3
b
3d6
8 2 1d3
21 
0
--- 251 ---
20
28
Mummified Orc
0B020300
00000000
102C
750
56
1
M
14d8
1 1 2d4|1 1 2d4
21 
0
--- 252 ---
12
48
Killer Boring Beetle
00000240
00000000
0002
300
70
1
K
18d8
1 2 4d5
21 
0
--- 253 ---
12
50
Killer Stag Beetle
00000242
00000000
0002
300
80
1
K
20d8
1 2 3d4|1 1 1d12
22 
0
--- 254 ---
2
18
Black Mold
0B000041
00000000
10A0
500
68
1
m
15d8
1 1 4d3
22 
0
--- 255 ---
12
99
Iron Golem
00020300
00000000
1080
100
160
-1
g
80d8
1 1 1d12|1 1 1d12
22 
0
--- 256 ---
12
38
Giant Yellow Scorpion
00000242
00000000
0002
200
60
1
S
12d8
1 2 1d8|14 4 2d5
22 
0
--- 257 ---
15
5
Green Ooze
00200041
00000000
00B2
1
6
0
O
4d8
6 5 2d3
22 
0
--- 258 ---
10
6
Green Slime
003A0044
0001000B
0192
1
7
-1
O
8d8
9 5 2d8
23 
0
--- 259 ---
10
6
Black Ooze
003A0044
0001000B
0192
1
7
-1
O
6d8
9 5 2d6
23 
0
--- 260 ---
20
40
Warrior
13120200
00000000
2030
400
60
1
p
15d8
1 1 3d5
23 
0
--- 261 ---
12
28
Red Dragon Bat
00800004
00800004
2150
500
60
3
b
3d8
5 2 1d3
23 
0
--- 262 ---
15
50
Killer Blue Beetle
00000242
00000000
0002
300
85
1
K
20d8
1 2 4d5
23 
0
--- 263 ---
15
38
Giant Silver Ant
00000242
00000000
0002
600
45
1
c
6d8
6 2 4d4
23 
0
--- 264 ---
2
18
Crimson Mold
0B000041
00000000
10A0
500
65
1
m
16d8
1 1 1d3|4 5 0d0
23 
0
--- 265 ---
20
35
Red Hag
09100202
00000295
2066
250
250
1
p
20d6
1 6 3d4|10 9 3d4|25 19 1d1
23 
0
--- 266 ---
10
35
Orange Faerie Dragon
21820302
00000E96
4001
30
100
2
F
7d8
3 3 2-1d6
24 
0
--- 267 ---
20
30
Forest Wight
0F000202
0000100F
112E
300
140
1
W
12d8
1 1 2-1d6|19 5 12d8
24 
0
--- 268 ---
20
20
Berzerker
07020200
00000000
2030
100
65
1
p
15d8
1 1 1d8|1 1 1d8
24 
0
--- 269 ---
20
34
Mummified Human
0B020200
00000000
102C
600
70
1
M
17d8
1 1 2d4|1 1 2d4
24 
0
--- 270 ---
20
24
Banshee
0F950306
0001002F
100C
100
60
2
G
6d8
4 10 0d0|19 5 14d8
24 
0
--- 271 ---
20
40
Giant Troll
0F020200
00000000
A026
500
105
1
T
19d8
1 1 2-1d6|1 2 3d4
25 
0
--- 272 ---
12
50
Giant Brown Tick
00000144
00000000
0022
200
70
0
t
18d8
14 2 1d10|10 4 1d1
25 
0
--- 273 ---
20
80
Hobgoblin Chief
12020300
00000888
3004
300
120
3
H
20d8
1 1 4d4
25 
0
--- 274 ---
20
10
Nymph Princess
15130210
000084F4
3000
1000
100
3
N
20d8
13 5 0d0|12 5 0d0
25 
20
--- 275 ---
8
12
Mimic
06000041
00000000
3020
500
100
3
&
10d10
1 16 3d3|1 1 3-2d4
25 
0
--- 276 ---
15
50
Killer Red Beetle
00000240
00000000
0002
300
85
1
K
20d8
2 2 4d4
25 
0
--- 277 ---
2
50
Wooden Mold
00000041
00000000
10A0
999
100
1
m
25d8
14 8 2d6
25 
0
--- 278 ---
20
24
Giant Blue Dragon Fly
00800310
00080009
0030
500
75
1
F
6d8
1 2 1d6
25 
0
--- 279 ---
10
15
Hippo
00000210
00000000
20F2
500
250
1
H
50d8
1 17 2-2d10|1 2 2d8
25 
0
--- 280 ---
15
45
Orc Lord
13000300
00000000
4000
40
400
2
o
15d8
1 1 5d4
25 
0
--- 281 ---
10
40
Giant Grey Ant Lion
00080242
00000000
0032
400
90
1
A
19d8
1 2 2d12
26 
0
--- 282 ---
14
24
Disenchanter Bat
00800304
00000000
2060
1
75
3
b
4d8
21 1 0d0
26 
20
--- 283 ---
14
54
Giant Fire Tick
00000142
00000000
2012
200
90
1
t
16d8
5 9 3d7
26 
0
--- 284 ---
14
40
Hell Hound
00000310
0080000F
3414
200
120
1
j
14d8
5 8 3d5|1 2 2d5
26 
0
--- 285 ---
20
40
White Wraith
0F020302
00000000
112E
100
165
1
W
15d8
1 1 2-1d6|19 5 15d8
26 
0
--- 286 ---
12
50
Giant Black Scorpion
00000240
00000000
0002
200
85
1
S
13d8
1 2 1d10|14 4 2d5
26 
0
--- 287 ---
10
14
Clear Ooze
000B0148
00000000
00B2
1
12
1
O
4d8
3 5 1d8
26 
0
--- 288 ---
14
45
Killer Fire Beetle
00000144
00000000
2012
300
95
1
K
13d8
1 2 3d4|5 9 4d5
27 
0
--- 289 ---
20
45
Gluhtyuq
17010300
04000001
0000
100
175
1
Q
2d6
99 0 0d0
27 
0
--- 290 ---
20
45
Vampire
17000300
00001209
112E
100
175
1
V
20d8
1 1 2-1d6|19 30 18d8
27 
0
--- 291 ---
20
24
Giant Red Dragon Fly
00800304
00800008
2050
500
75
1
F
7d8
4 2 1d6
27 
0
--- 292 ---
2
24
Shimmering Mold
0B000041
00000000
10A0
100
180
1
m
32d8
8 5 5d4
27 
0
--- 293 ---
20
60
Black Knight
17020200
0000010F
2030
100
140
1
p
25d8
1 1 5d5
28 
0
--- 294 ---
20
30
Mage
13020200
00002C73
2030
100
150
1
p
10d8
1 1 2d5
28 
0
--- 295 ---
20
50
Master Bard
13020200
13001A93
2030
85
160
1
p
20d8
1 1 4d4
28 
0
--- 296 ---
20
30
Druid
13020200
13080503
2030
100
160
1
p
16d8
1 1 2d6
28 
0
--- 297 ---
20
50
Master Monk
13020200
00000000
2030
85
160
2
p
20d8
1 1 2-3d3
28 
0
--- 298 ---
20
46
Ice Troll
0F020200
00000000
8026
500
190
1
T
22d8
1 1 2-1d5|7 2 3d6
28 
0
--- 299 ---
20
35
Night Hag
17100302
00000394
2066
250
250
1
p
30d8
1 6 3d6|10 9 4d6|25 19 1d2
28 
20
--- 300 ---
8
50
Demon Sword
00880310
80FA0001
5404
700
220
2
|
10d9
1 1 3d6|19 10 10d8
28 
0
--- 301 ---
14
65
Giant Purple Worm
00000242
00000000
2030
300
400
1
w
65d8
1 1 1d8|6 2 2d8|14 4 1d8
29 
0
--- 302 ---
20
50
Young Blue Dragon
1F000202
0008100B
2005
700
300
1
d
33d8
1 3 2-1d4|1 2 1d6
29 
25
--- 303 ---
20
50
Young White Dragon
1F000202
0040100B
2005
700
275
1
d
32d8
1 3 2-1d4|1 2 1d6
29 
25
--- 304 ---
20
50
Young Green Dragon
1F000202
0010100B
2005
700
290
1
d
32d8
1 3 2-1d4|1 2 1d6
29 
25
--- 305 ---
14
30
Giant Fire Bat
00800310
00000000
2050
100
85
2
b
5d8
5 2 3d6|1 3 2-1d4
29 
0
--- 306 ---
8
24
Giant Glowing Rat
00200302
00000000
2070
200
4
1
r
3d3
8 2 2d6
29 
0
--- 307 ---
8
15
Hammerhead Shark
00000050
00000000
6000
100
600
2
S
75d6
1 2 3-4d4|1 25 10d4;
30 
0
--- 308 ---
20
55
Skeleton Troll
00020300
00000000
500C
400
225
1
s
14d8
1 1 2-1d6|1 2 3d4
30 
0
--- 309 ---
15
34
Giant Lightning Bat
00800302
00000000
2042
100
80
2
b
8d8
8 2 3d8|1 3 2-1d5
30 
0
--- 310 ---
10
40
Giant Static Ant
00000242
00000000
0002
600
80
1
c
8d8
8 2 5d5
30 
0
--- 311 ---
30
80
Swirling Black Vapor
00800308
8FFE0001
D100
1
350
3
v
11d8
19 5 10d8
30 
0
--- 312 ---
20
40
Lesser Demon
12120300
0280509A
E414
1000
325
1
B
25d8
5 1 3d3
30 
25
--- 313 ---
20
35
Grave Wight
0F020308
0000190A
512E
300
325
1
W
12d8
1 1 2-1d7|19 5 20d8
30 
0
--- 314 ---
14
55
Killer Slicer Beetle
00000242
00000000
0012
300
200
1
K
22d8
1 2 5d8
30 
0
--- 315 ---
12
45
Giant White Ant Lion
00080042
00000000
0022
400
175
1
A
20d8
7 2 3d10
30 
0
--- 316 ---
15
4
Tunneling Worm Mass
00260344
00000000
21B2
30
7
0
w
4d8
9 12 1d3
30 
0
--- 317 ---
20
30
Ghost
17950308
0001002F
500C
100
350
2
G
13d8
4 7 0d0|19 5 22d8|17 3 1d10
31 
0
--- 318 ---
14
45
Giant Black Ant Lion
00080042
00000000
0032
400
170
1
A
23d8
1 2 2d12|6 9 3d6
31 
0
--- 319 ---
16
60
Death Watch Beetle
00000042
00000000
0012
300
190
1
K
25d8
1 2 5d4|1 10 5d6
31 
0
--- 320 ---
20
55
Horned Demon
0F020300
00000000
7504
300
350
2
B
12d8
1 25 2-1d8|21 8 1d6 31
31 
30
--- 404 ---
1
0
Imoria Addict
18220008
00001808
40F0
0
100
1
p
20d6
1 10 5d5|1 18 2d4
31
180
--- 321 ---
20
42
Ogre Magi
07020300
0000A356
403C
300
250
1
o
14d8
1 1 3d6
31 
30
--- 322 ---
5
30
Crystal Ooze
07390243
00000000
0092
600
8
-1
O
12d8
7 5 4d4
31 
0
--- 323 ---
10
40
Yellow Faerie Dragon
31820302
01000E93
4001
40
250
3
F
9d8
3 3 2-1d8
32 
0
--- 324 ---
20
48
Two-Headed Troll
0F020300
00000000
E026
500
315
1
T
14d8
1 1 2-1d8|1 2 2-1d6
32 
0
--- 325 ---
20
40
Ice Demon
0F020300
00010106
7444
450
350
1
B
20d8
7 1 4d6
32 
0
--- 326 ---
20
46
Invisible Stalker
00830308
00000000
0000
200
200
3
E
19d8
1 1 1d6
32 
0
--- 327 ---
16
40
Giant Hunter Ant
00000240
00000000
0002
10
150
1
c
12d8
1 2 4d8
32 
0
--- 328 ---
20
65
Ninja
0F020200
00000000
6030
100
300
1
p
15d8
14 1 3d4|2 1 3d4
32 
0
--- 329 ---
5
20
Brontosaurus
000A0312
00000000
6012
250
2000
1
D
500d8
1 17 4-8d8
32 
0
--- 330 ---
20
40
Barrow Wight
0F020302
00001308
512E
100
375
1
W
13d8
1 1 2-1d8|19 5 26d8
33 
0
--- 331 ---
20
48
Skeleton 2-Headed Troll
00020300
00000000
500C
200
325
1
s
20d8
1 1 2-1d9|1 2 2-1d5
33 
0
--- 332 ---
12
36
Water Elemental
00000212
00000000
0020
500
325
2
E
25d8
1 1 1d10|1 1 1d10
33 
0
--- 333 ---
16
40
Fire Elemental
000A0144
00000000
2010
700
350
1
E
25d8
5 1 4d6
33 
0
--- 334 ---
20
50
Lich
1F020300
00019F75
500C
600
750
1
L
25d8
15 5 2d8|19 5 30d8|24 5 0d0
34 
40
--- 335 ---
20
55
Master Vampire
17000300
00001307
512E
100
700
1
V
23d8
1 1 2-1d6|19 30 32d8
34 
40
--- 336 ---
20
56
Spirit Troll
00040300
00000000
402E
100
425
1
T
15d8
1 3 2-1d5|1 2 1d6
34 
0
--- 337 ---
12
50
Giant Red Scorpion
00000242
00000000
0002
400
275
2
S
18d8
1 2 1d6|14 4 1d4
34 
0
--- 338 ---
10
60
Earth Elemental
001A0140
00000000
0200
900
375
1
E
30d8
1 1 4d6|1 1 4d6
34 
0
--- 339 ---
4
65
Giant Remora
00000050
00000C47
E002
50
1500
2
R
250d4
2 30 2-4d5|15 30 2-3d6
35 
0
--- 340 ---
20
55
Young Black Dragon
1F000202
0020100B
6005
500
600
1
d
32d8
1 3 2-1d5|1 2 1d6
35 
40
--- 341 ---
20
60
Young Red Dragon
1F000102
0080100A
6015
500
650
1
d
36d8
1 3 2-1d8|1 2 2d8
35 
40
--- 342 ---
20
40
Necromancer
13020200
00005762
6030
100
600
1
p
17d8
1 1 2d6
35 
50
--- 343 ---
20
50
High Priest
13020200
02024322
7004
100
600
1
p
25d12
1 1 2d6
35 
0
--- 344 ---
20
65
Troll King
17020300
00003365
F004
200
650
2
T
30d8
1 3 3d3|1 3 3d3|1 2 5d5
35 
0
--- 345 ---
20
50
Heirophant Druid
13020200
00880522
7000
100
1000
2
p
50d8
1 1 2d8|11 23 2d6
35 
0
--- 346 ---
20
50
Titan
13020200
23083763
7004
100
550
1
P
40d8
1 1 3d12|8 1 3d8
35 
0
--- 347 ---
20
50
Succubus
13020200
21011225
3404
100
700
1
p
28d9
18 5 3d3|3 24 4d4|19 2 38d8
35 
50
--- 348 ---
29
38
Mummified Troll
0F020300
00000000
502C
500
400
1
M
18d8
1 1 2d6|1 1 2d6
35 
0
--- 349 ---
14
48
Giant Red Ant Lion
00080142
00000000
0032
400
350
2
A
23d8
5 2 3d12
35 
0
--- 350 ---
20
65
Mature White Dragon
2F000202
0040100A
4005
700
1000
2
d
48d8
1 3 2-1d8|1 2 2d8
35 
50
--- 351 ---
20
60
Nazgul
12830000
00020008
D504
1
900
2
Z
38d8
4 1 2d8|2 17 3d10
35 
50
--- 352 ---
25
60
Cerebus
00000304
00001048
7002
200
800
1
j
26d8
1 2 3-3d6|7 8 4d4|5 8 4d4|4 8 4d4
35 
0
--- 353 ---
9
25
Mako Shark
00080050
00000000
C000
10
1000
3
S
100d5
1 2 2-3d5
35
75
--- 354 ---
20
80
Shadow Dragon
23050300
00035702
510D
25
1250
2
d
45d8
19 3 2-1d9|4 2 2d10
35 
60
--- 355 ---
20
80
Xorn
00160300
00000000
4200
100
650
1
X
20d8
1 1 3-1d6
36 
0
--- 356 ---
14
50
Giant Mottled Ant Lion
00080242
00000000
0032
400
350
2
A
24d8 
1 2 2d10
36 
0
--- 357 ---
20
50
Grey Wraith
0F020302
00011308
512E
100
700
1
W
23d8
1 1 2-1d10|19 5 34d8
36 
0
--- 358 ---
20
55
Young Multi-Hued Dragon
7F000202
00F81005
6005
500
1250
1
d
40d8
1 3 2-1d9|1 2 2d10
36 
60
--- 359 ---
20
75
Mature Blue Dragon
2F000202
00081009
6005
400
1200
2
d
48d8
1 3 1d8|1 3 1d8|1 2 2d10
36 
60
--- 360 ---
20
60
Major Demon
12130300
02815578
3414
800
700
2
B
50d8
5 3 4d4|5 3 4d4|4 2 2d2
36 
60
--- 361 ---
20
70
Mature Green Dragon
1F000202
0010100A
6005
700
1100
2
d
48d8
1 3 1d4|1 3 1d4|1 2 1d6
36 
60
--- 362 ---
20
75
Pyrohydra
230A0200
00801103
5012
50
2000
2
d
100d8
1 3 2-3d4|1 2 3-4d4
37 
0
--- 363 ---
20
65
Vampiric Demon
17000300
02001307
D40C
85
1400
1
V
40d8
1 3 2d6| 1 3 2d6|19 2 38d8
37 
65
--- 364 ---
20
60
Demon Warrior
0F020300
00000000
7504
100
400
1
B
20d8
1 1 3d5|1 1 3d5|1 2 2d5
37 
65
--- 365 ---
16
60
Iridescent Beetle
00000242
00000000
0012
300
850
1
K
32d8
1 2 4d6|1 1 1d12|11 7 0d0
37 
0
--- 366 ---
20
65
King Vampire
17000300
00001307
512E
100
1000
1
V
38d8
1 1 2-1d6|19 30 38d8
37 
70
--- 367 ---
20
65
King Lich
1F020300
00019F73
500C
500
1400
1
L
52d8
15 5 2d10|19 5 36d8|24 5 0d0
37 
70
--- 368 ---
20
80
Mature Red Dragon
2F000302
00801808
6015
300
1400
2
d
60d8
1 3 2-1d10|1 2 2d12
37 
80
--- 369 ---
20
55
Mature Black Dragon
2F000302
00201009
6005
700
1350
2
d
58d8
1 3 2-1d8|1 2 2d10
37 
80
--- 370 ---
20
65
Mature Multi-Hued Dragon
7F000302
00F81A05
6005
500
1650
2
d
80d8
1 3 2-1d10|1 2 2d12
38 
80
--- 371 ---
20
80
Ancient White Dragon
4F000300
00401A08
4005
800
1500
3
D
88d8
1 3 1d8|1 3 1d8|1 2 2d8
38 
90
--- 372 ---
20
40
Emperor Wight
1B020302
00001306
512E
100
1600
2
W
48d8
1 1 2-1d12|19 5 42d8
38 
90
--- 373 ---
20
55
Black Wraith
1F020302
00001307
512E
100
1700
1
W
50d8
1 1 2-1d12|19 5 44d8
38 
100
--- 374 ---
20
40
Beholder
00820302
8101B7C6
7106
100
4000
4
e
60d8
21 7 2d4
38 
100
--- 375 ---
40
90
Swirling Multi-Hued Vapor
00800304
80FFE001
D000
1
1000
3
v
20d8
11 5 2d6|21 5 2d6|3 5 2d6|24 5 1d6
38 
0
--- 376 ---
30
40
Shadow Hag
1B110302
00010394
4046
200
1650
2
p
40d6
1 6 3d6|10 9 4d6|25 19 1d2
38 
100
--- 377 ---
20
55
Nether Wraith
1F070302
00005316
512E
100
2100
1
W
58d8
1 1 2-1d12|19 5 52d8
39 
100
--- 378 ---
20
50
Sorcerer
13020300
0200FF73
6030
100
2150
2
p
30d8
1 1 2d8
39 
100
--- 379 ---
20
90
Ancient Blue Dragon
4F000300
00081A08
6005
800
2500
3
D
87d8
1 3 2-1d9|1 2 2d12
39 
125
--- 380 ---
20
85
Ancient Green Dragon
4F000300
00101A09
6005
700
2400
3
D
90d8
1 3 2-1d8|1 2 2d10
39 
125
--- 381 ---
20
90
Ancient Black Dragon
4F000300
00201A07
6005
700
2500
3
D
90d8
1 3 2-1d9|1 2 2d10
39 
125
--- 382 ---
15
50
Green Faerie Dragon
41820302
01001E93
4001
10
500
3
F
14d8
4 8 1d3|3 3 2-2d5
40 
0
--- 383 ---
15
45
Giant Crocodile
00000310
00000000
C000
10
1000
2
C
125d8
1 2 6d6|1 3 2-3d4|1 17 6d10
40 
0
--- 384 ---
10
40
Great White Shark
00080050
00000000
9022
0
2750
2
S
100d6
1 2 3-15d4|1 25 2d20
40
90
--- 385 ---
30
50
Queen Hag
27100302
000103A2
4006
200
1150
2
p
60d6
1 6 3d6|10 8 5d6|25 19 1d3
40 
125
--- 386 ---
5
5
Disenchanter Worms
00200248
00000000
01B0
100
30
0
w
10d8
21 12 1d4
40 
50
--- 387 ---
20
1
Rotting Quythulg
00010340
00004010
5000
0
1000
2
Q
12d8
99 0 0d0
40 
0
--- 388 ---
20
100
Ancient Red Dragon
7F000300
00801E06
6015
500
2750
3
D
105d8
1 3 2-1d10|1 2 2d14
40 
125
--- 389 ---
20
80
Death Quasit
11030302
000010FA
0004
0
1000
3
q
55d8
15 2 3d6|1 3 2-3d3
40 
125
--- 390 ---
20
75
Emperor Lich
2F020300
00019F72
500C
500
10000
2
L
190d8
15 5 2d12|19 5 46d8|24 5 0d0
40 
150
--- 391 ---
20
100
Ancient Multi-Hued Dragon
7F000300
00F89E05
6005
500
12000
3
D
260d8
1 3 2-1d12|1 2 3d12
40 
150
--- 392 ---
20
90
Anti-<gp>
32130000
02815775
7414
600
1500
2
p
160d8
24 5 0d0|5 3 2-5d5|1 1 3d3
42 
150
--- 393 ---
20
80
Lesser Demon Lord
321F0300
02815775
7414
600
1500
2
B
75d8
24 5 0d0|5 3 2-5d5|4 2 3d3
42
160
--- 394 ---
15
30
Empress Hag
4B100302
001103A2
4006
100
10000
3
p
100d6
1 6 7d6|10 8 6d6|25 19 1d3
45 
150
--- 395 ---
20
60
Blue Faerie Dragon
49820302
01801E93
4001
5
1000
3
F
24d8
4 8 2d5|3 3 2-2d8
48 
0
--- 396 ---
60
80
Sandgorgon
441E0300
00000000
1002
1
1200
4
S
30d8
1 3 2-4d8|1 2 2d10
50 
0
--- 397 ---
10
45
Tyranosaurus Rex
000A0200
00000000
E022
25
6000
2
D
200d8
1 2 25d8|1 17 2-3d4
50 
0
--- 398 ---
20
70
Indigo Faerie Dragon
51820302
01801F13
4001
0
2000
3
F
39d8
4 8 4d5|3 3 2-3d8
56 
0
--- 399 ---
5
40
Longsword  +7,+7  of Doom
00880310
80FA0001
5404
700
5000
3
|
200d4
1 1 2-12d8|19 10 46d8
60 
0
--- 400 ---
15
65
Death Knight
47970300
00810374
5014
75
1400
3
p
90d8
1 1 2-2d10
60 
150
--- 401 ---
25
80
Purple Faerie Dragon
61820302
01811D12
4001
0
4500
4
F
54d8
4 8 6d5|3 3 2-4d8
64 
0
--- 402 ---
20
100
Chromatic Hydra  7-headed 
7F000300
01E89C05
6005
500
13000
3
D
300d8
1 2 7-2d10
70 
150
--- 403 ---
25
90
Noble Faerie Dragon
71830302
01811D12
4001
0
10000
4
F
75d8
4 8 10d5|3 3 2-5d8
80 
0
--- 405 ---
1
0
Wimp200
00008000
00000000
0000
1000
0
1
p
1d1
1 1 0d0
99
200
--- 406 ---
1
0
Wimp220
00008000
00000000
0000
1000
0
1
p
1d1
1 1 0d0
99
220
--- 407 ---
1
0
Wimp240
00008000
00000000
0000
1000
0
1
p
1d1
1 1 0d0
99
240
--- 408 ---
1
0
Wimp255
00008000
00000000
0000
1000
0
1
p
1d1
1 1 0d0
99
255
--- 409 ---
1
0
Wimp
00008000
00000000
0000
1000
0
1
p
1d1
1 1 0d0
99
0
--- 410 ---
1
0
Wimp
00008000
00000000
0000
1000
0
1
p
1d1
1 1 0d0
99
0
--- 411 ---
1
0
Wimp
00008000
00000000
0000
1000
0
1
p
1d1
1 1 0d0
99
0
--- 412 ---
1
0
Wimp
00008000
00000000
0000
1000
0
1
p
1d1
1 1 0d0
99
0
--- 413 ---
25
100
Emperor Faerie Dragon
7D830302
01811D12
4001
0
25000
5
F
105d8
4 8 14d5|3 3 2-7d8
100 
0
--- 414 ---
20
80
Evil Iggy
7F130300
0201D713
5004
0
18000
3
p
400d8
2 1 4d6|13 19 0d0
100 
175
--- 415 ---
20
125
Balrog
FF1F0300
0281C743
5404
0
55000
4
B
475d8
5 1 10d12|1 17 8d12|24 5 0d0
100
255